[[[ 9.83148544 13.51429244 14.09363372 ... 21.75916343 19.05813272
   17.31812816]
  [13.51429244 17.67042671 18.03431141 ... 11.43026794 10.61390774
   10.09903305]
  [15.75680309 20.16222213 20.55487899 ... 11.5029253   9.30912377
    8.0205699 ]]

 [[10.27893174 12.77923685 13.96299277 ... 21.28720552 20.16222213
   17.16354085]
  [13.51429244 16.75095553 17.36615419 ... 10.73876843 11.20946918
    9.7975281 ]
  [15.85167091 18.79412104 19.83745771 ... 10.53511806  9.32700733
    8.26613909]]

 [[10.0825194  15.24086243 15.54391099 ... 24.65754364 21.6671329
   18.34564936]
  [14.89814936 19.53287609 20.6276688  ... 12.753134   12.13727513
   10.64526027]
  [17.36615419 22.48182598 22.76884511 ... 12.66135    10.40781349
    8.79362578]]

 ...

 [[ 9.30911828 14.43235892 12.90894427 ... 21.85073469 16.62114165
   17.55690635]
  [15.59738086 22.21351312 19.05808561 ... 16.85995791 13.96297424
   15.24083834]
  [14.47845984 20.47363904 17.52842071 ... 11.67544659  8.98112558
    8.40607064]]

 [[10.59818858 13.77073794 14.47845984 ... 21.94199263 18.73193748
   16.75092355]
  [16.54076922 21.96474777 21.55147302 ... 16.78073053 15.10909878
   14.19960768]
  [15.92503844 20.62760907 19.76170052 ... 11.1498413   9.60861108
    8.52418659]]

 [[11.2094596  14.53588022 15.15313934 ... 22.2060158  18.73193748
   17.35652405]
  [17.31809282 22.89274611 21.97990475 ... 16.97810507 15.62939015
   14.19960768]
  [16.25633354 21.1773362  20.10426266 ... 11.77492207  9.60861108
    9.03661805]]]